	function [ f,g ] = mi_probs(x)
%MI_PROBS - MINLP test problems
%**************************************************************************
%     
%     testproblems for mixed-integer optimization
%
%**************************************************************************
global irun ncont_global nint_global nbin_global m_global me_global

% initialize problem data
iprob=irun;
ncont=ncont_global;
ninteg=nint_global+nbin_global;
m=m_global;
me=me_global;
n=ncont+ninteg;
y = x(ncont+1:n);
if (ninteg == 0)
    y = 0;
end
f=0;
g=zeros(1,m);

%
%   mitp1
%
      if (iprob==1) 
          g(1) = (x(1) + 1.25d0)^2 + 0.5d0*y(3);
          f = 5.0d0*(y(1)-1.0d0)^2 + 0.01d0*y(2)^3 + (y(3)+0.7d0)^2 ...
                + (x(1)-y(1)-0.33d0)^2 - x(2) + 0.22d0;
      return
      end
%
%   mitp2
%
      if (iprob==2) 
         g(1) = 1.0 - y(1)*y(2) - y(3)*y(4);
         g(2) = 1.0 + y(1)*y(2) + y(3)*y(4);
	     g(3) = 2.0 - y(1) - y(2) - y(3) - y(4);
         g(4) = 3.0 + y(1) + y(2) + y(3) + y(4);
         f1 = y(1)*(-y(1) + 2.0*y(2)) + y(2)*(2.0*y(1) - y(2) + 2.0*y(3)) ...
            + y(3)*(2.0*y(2) - y(3) + 2.0*y(4))  + y(4)*(2.0*y(3) - y(4));
         f = f1 + 6.0*y(1) + 8.0*y(2) + 4.0*y(3) - 2.0*y(4);
      return
      end
%
%   mitp3
%
      if (iprob==3) 
         g(1) = x(2) - (x(1) - 2.0)^2;
         g(2) = x(1) - 2.0*y(1);
         g(3) = -x(1) + x(2) + 4.0*(1.0 - y(2));
         g(4) = x(1) - (1.0 - y(1));
         g(5) = x(2) - y(2);
         g(6) = x(1) + x(2) - 3.0*y(3);
         g(7) = y(1) + y(2) + y(3) - 1.0;
         f = y(1) + 1.5*y(2) + 0.5*y(3) + x(1)^2 + x(2)^2;
      return;
      end

%
%   mitp4
%
      if (iprob==4) 
         g(1) = -y(1)^2 - y(2)^2 - x(1)^2 - y(3)^2 - y(1) ...
          + y(2) - x(1) + y(3) + 8.0;
         g(2) = -y(1)^2 - 2.0*y(2)^2 - x(1)^2 - 2.0*y(3)^2 ...
               + y(1) + y(3) + 10.0;
         g(3) = -2.0*y(1)^2 - y(2)^2 - x(1)^2 - 2.0*y(1) ...
               + y(2) + y(3) + 5.0;
         f = y(1)^2 + y(2)^2 + 2.0*x(1)^2 + y(3)^2 - 5.0*y(1) ...
             - 5.0*y(2) - 21.0*x(1) + 7.0*y(3);
      return
      end
%
%   mitp5
%
      if (iprob==5) 
         g(1) = -y(1)^2 - y(2)^2 - y(3)^2 - y(4)^2 - y(1) ...
              + y(2) - y(3) + y(4) + 8.0;
         g(2) = -y(1)^2 - 2.0*y(2)^2 - y(3)^2 - 2.0*y(4)^2 ... 
              + y(1) + y(4) + 10.0;
         g(3) = -2.0*y(1)^2 - y(2)^2 - y(3)^2 - 2.0*y(1) ...
              + y(2) + y(4) + 5.0;
         f = y(1)^2 + y(2)^2 + 2.0*y(3)^2 + y(4)^2 - 5.0*y(1) ...
              - 5.0*y(2) - 21.0*y(3) + 7.0*y(4);
      return
      end
%
%   mitp6
%
      if (iprob==6) 
         g(1) = -2.0*y(1)^2 - 3.0*y(2)^4 - y(3) - 4.0*y(4)^2 ...
               - 5.0*x(1) + 127.0;
         g(2) = 7.0*y(1) - 3.0*y(2) - 10.0*y(3)^2 - y(4) + x(1) ...
               + 282.0;
         g(3) = 23.0*y(1) - y(2)^2 - 6.0*x(2)^2 + 8.0*x(3) + 196.0;
         g(4) = -4.0*y(1)^2 - y(2)^2 + 3.0*y(1)*y(2) - 2.0*y(3)^2 ...
               - 5.0*x(2) + 11.0*x(3);
         f = (y(1)-10.0)^2 + 5.0*(y(2)-12.0)^2 + y(3)^4 ...
            + 3.0*(y(4)-11.0)^2 + 10.0*x(1)^6 + 7.0*x(2)^2 ...
            + x(3)^4 - 4.0*x(2)*x(3) - 10.0*x(2) - 8.0*x(3);
      return
      end
%
%   mitp7
%
      if (iprob==7) 
         g(1) = -2.0*y(1)^2 - 3.0*y(2)^4 - y(3) - 4.0*y(4)^2 ...
               - 5.0*y(5) + 127.0;
         g(2) = 7.0*y(1) - 3.0*y(2) - 10.0*y(3)^2 - y(4) + y(5) ...
               + 282.0;
         g(3) = 23.0*y(1) - y(2)^2 - 6.0*y(6)^2 + 8.0*y(7) + 196.0;
         g(4) = -4.0*y(1)^2 - y(2)^2 + 3.0*y(1)*y(2) - 2.0*y(3)^2 ...
               - 5.0*y(6) + 11.0*y(7);
         f = (y(1)-10.0)^2 + 5.0*(y(2)-12.0)^2 + y(3)^4 ...
            + 3.0*(y(4)-11.0)^2 + 10.0*y(5)^6 + 7.0*y(6)^2 ...
            + y(7)^4 - 4.0*y(6)*y(7) - 10.0*y(6) - 8.0*y(7);
      return
      end
%
%   mitp8
%
      if (iprob==8) 
         w(1) = y(1);
         w(2) = x(1);
         w(3) = y(2);
         w(4) = x(2);
         w(5) = y(3);
         w(6) = x(3);
         w(7) = y(4);
         w(8) = y(5);
         w(9) = y(6);
         w(10) = x(4);
         g(1) = -3.0*(w(1)-2.0)^2 - 4.0*(w(2)-3.0)^2 - 2.0*w(3)^2 ...
                + 7.0*w(4) + 120.0;
         g(2) = -5.0*w(1)^2 - 8.0*w(2) - (w(3)-6.0)^2 + 2.0*w(4) ...
                + 40.0;
         g(3) = -0.5*(w(1)-8.0)^2 - 2.0*(w(2)-4.0)^2 - 3.0*w(5)^2 ...
                + w(6) + 30.0;
         g(4) = -w(1)^2 - 2.0*(w(2)-2.0)^2 + 2.0*w(1)*w(2) ...
                - 14.0*w(5) + 6.0*w(6);
         g(5) = 3.0*w(1) - 6.0*w(2) - 12.0*(w(9)-8.0)^2 ...
                + 7.0*w(10);
         g(6) = -4.0*w(1) - 5.0*w(2) + 3.0*w(7) - 9.0*w(8) + 105.0;
         g(7) = -10.0*w(1) + 8.0*w(2) + 17.0*w(7) - 2.0*w(8);
         g(8) = 8.0*w(1) - 2.0*w(2) - 5.0*w(9) + 2.0*w(10) + 12.0;
         f = w(1)^2 + w(2)^2 + w(1)*w(2) - 14.0*w(1) - 16.0*w(2) ...
             + (w(3)-10.0)^2 + 4.0*(w(4)-5.0)^2 + (w(5)-3.0)^2 ... 
             + 2.0*(w(6)-1.0)^2 + 5.0*w(7)^2 + 7.0*(w(8)-11.0)^2 ...
             + 2.0*(w(9)-10.0)^2 + (w(10)-7.0)^2 + 45.0;
      return
      end
%
%   mitp9
%
      if (iprob==9) 
         for i=1:ninteg
            w(i) = y(i);
         end
         g(1) = -3.0*(w(1)-2.0)^2 - 4.0*(w(2)-3.0)^2 - 2.0*w(3)^2 ...
               + 7.0*w(4) + 120.0;
         g(2) = -5.0*w(1)^2 - 8.0*w(2) - (w(3)-6.0)^2 + 2.0*w(4) ...
               + 40.0;
         g(3) = -0.5*(w(1)-8.0)^2 - 2.0*(w(2)-4.0)^2 - 3.0*w(5)^2 ...
               + w(6) + 30.0;
         g(4) = -w(1)^2 - 2.0*(w(2)-2.0)^2 + 2.0*w(1)*w(2) ...
               - 14.0*w(5) + 6.0*w(6);
         g(5) = 3.0*w(1) - 6.0*w(2) - 12.0*(w(9)-8.0)^2 ...
               + 7.0*w(10);
         g(6) = -4.0*w(1) - 5.0*w(2) + 3.0*w(7) - 9.0*w(8) + 105.0;
         g(7) = -10.0*w(1) + 8.0*w(2) + 17.0*w(7) - 2.0*w(8);
         g(8) = 8.0*w(1) - 2.0*w(2) - 5.0*w(9) + 2.0*w(10) + 12.0;
         f = w(1)^2 + w(2)^2 + w(1)*w(2) - 14.0*w(1) - 16.0*w(2) ...
            + (w(3)-10.0)^2 + 4.0*(w(4)-5.0)^2 + (w(5)-3.0)^2 ...
            + 2.0*(w(6)-1.0)^2 + 5.0*w(7)^2 + 7.0*(w(8)-11.0)^2 ...
            + 2.0*(w(9)-10.0)^2 + (w(10)-7.0)^2 + 45.0;
%         f = f*1.0d-7
      return
      end
%
%   mitp10
%
      if (iprob==10) 
        scale=1.0d-3;
        a=[ 1.00  64.00  86.00  56.00  55.00  95.00  78.00  74.00  72.00 ...
           34.00  33.00  94.00  36.00   8.00  36.00  97.00  58.00   9.00 ...
           86.00  22.00  68.00  69.00  12.00  38.00  12.00;  3.00  19.00 ...
           18.00  49.00  12.00  65.00  28.00  96.00  75.00  90.00  40.00 ...
           22.00  21.00  60.00  95.00  73.00  64.00   7.00  52.00  67.00 ...
           53.00   8.00   5.00  68.00   7.00; 12.00  92.00  36.00  75.00 ...
           73.00  84.00  35.00  60.00  27.00  45.00   6.00  45.00  39.00 ...
           79.00  17.00  26.00  41.00  43.00  45.00  45.00  50.00  53.00 ...
           42.00  16.00  34.00; 39.00  29.00   3.00  58.00  68.00  28.00 ...
           16.00  57.00  96.00  45.00  94.00  24.00  30.00  29.00  73.00 ...
           90.00   4.00   0.00  35.00   1.00  78.00  39.00  99.00  35.00 ...
            7.00; 79.00  72.00  58.00  78.00  27.00  65.00   5.00  35.00 ...
            5.00  16.00  50.00  98.00  78.00  65.00  83.00  76.00  97.00 ...
           66.00  84.00  77.00  25.00  19.00  19.00  12.00  70.00; 82.00 ...
           84.00  19.00  63.00  66.00  32.00  61.00   9.00  46.00  68.00 ...
            6.00  72.00  54.00   8.00   2.00  48.00  69.00  85.00  22.00 ...
           10.00  57.00  72.00  95.00  26.00  35.00; 35.00  44.00  35.00 ...
           90.00  19.00  44.00  82.00  48.00  99.00   8.00  52.00  66.00 ...
           75.00  67.00  81.00  85.00  69.00  99.00  43.00  33.00  46.00 ...
           43.00  35.00  12.00  92.00; 50.00   7.00  26.00  81.00  62.00 ...
            6.00  37.00  15.00  16.00  48.00  35.00  37.00  86.00  45.00 ...
           57.00  90.00  16.00   8.00  25.00   2.00  27.00  20.00  53.00 ...
           70.00  85.00; 97.00  49.00  91.00  42.00  68.00   8.00  62.00 ...
            1.00  88.00  84.00  12.00  46.00   9.00  19.00  98.00  44.00 ...
           62.00  65.00  19.00  50.00   0.00  13.00  57.00  80.00  93.00; ...
      	   99.00  32.00  63.00   7.00  50.00  70.00  11.00  96.00  88.00 ...
      	   74.00   6.00  55.00  81.00  54.00  99.00  92.00  86.00  63.00 ...
      	    1.00  99.00  88.00  52.00  91.00   7.00  50.00 ];

        b=[-7997.37910547808  -6122.36999196370   -6437.83374209528 ...
           -6948.80683513356  -8797.11553317864   -6890.30255880676 ...
           -8453.77372487109  -6768.99351719498   -7880.52838512544 ...
           -8656.13717903568 ];
        
        c=[  576.00    2256.00    1032.00    2016.00       0.00     840.00 ...
            1416.00    1248.00     408.00     552.00    1272.00    1584.00 ...
             216.00    2280.00    1272.00    2232.00    1704.00    1320.00 ...
             696.00      72.00    1032.00    1968.00     504.00    1056.00 ...
            2232.00;   2256.00    9092.00    5066.00    9272.00     336.00 ...
            3962.00    5626.00    5736.00    2270.00    2882.00    6166.00 ...
            7340.00    1662.00   10226.00    5206.00    8982.00    8242.00 ...
            6642.00    3398.00     426.00    5082.00    8956.00    2326.00 ...
            5608.00    9654.00;   1032.00    5066.00    7466.00   12392.00 ...
            3567.00    6689.00    5236.00    9255.00    3692.00    6482.00 ...
            9706.00   11048.00    6108.00   11336.00    5905.00    8508.00 ...
           12367.00    8955.00    7016.00    2889.00    8583.00   10078.00 ...
            2935.00    9457.00   11352.00;   2016.00    9272.00   12392.00 ...
           22133.00    7919.00   13203.00   12435.00   18838.00    7478.00 ...
           12405.00   17312.00   21096.00   12459.00   20498.00   13786.00 ...
           18746.00   22044.00   15994.00   14834.00    7955.00   16221.00 ...
           17406.00    7450.00   16845.00   22494.00;      0.00     336.00 ...
            3567.00    7919.00    6643.00    7809.00    7675.00   11406.00 ...
            6247.00    7803.00    7631.00   10531.00    9531.00    7546.00 ...
           10026.00   10270.00    9520.00    7752.00   10771.00    9178.00 ...
            8758.00    5820.00    6676.00    8704.00   10476.00;    840.00 ...
            3962.00    6689.00   13203.00    7809.00   15711.00   16010.00 ...
           17418.00   15515.00   17496.00   16070.00   16420.00   16950.00 ...
           16161.00   19183.00   17365.00   21209.00   15755.00   15655.00 ...
           15854.00   17388.00   19333.00    8418.00   20160.00   18948.00;...
    	    1416.00    5626.00    5236.00   12435.00    7675.00   16010.00 ...
    	   28149.00   17967.00   19169.00   19469.00   20733.00   19470.00 ...
    	   24394.00   15932.00   25066.00   26917.00   25194.00   18880.00 ...
    	   13623.00   22637.00   23089.00   19661.00   14464.00   25909.00 ...
    	   28171.00;   1248.00    5736.00    9255.00   18838.00   11406.00 ...
    	   17418.00   17967.00   25243.00   18092.00   20489.00   23186.00 ...
    	   26854.00   23458.00   20843.00   25897.00   25650.00   26489.00 ...
    	   21613.00   21762.00   20311.00   23993.00   20609.00   13391.00 ...
    	   23012.00   28072.00;    408.00    2270.00    3692.00    7478.00 ...
    	    6247.00   15515.00   19169.00   18092.00   28016.00   24121.00 ...
    	   24927.00   21852.00   29152.00   16666.00   29056.00   22945.00 ...
    	   28192.00   25369.00   17189.00   27734.00   27809.00   24931.00 ...
    	   15041.00   30328.00   24550.00;    552.00    2882.00    6482.00 ...
    	   12405.00    7803.00   17496.00   19469.00   20489.00   24121.00 ...
    	   26151.00   28057.00   25701.00   29316.00   18224.00   29850.00 ...
    	   23894.00   30676.00   24780.00   19993.00   25719.00   29566.00 ...
    	   27121.00   13408.00   30039.00   27044.00;   1272.00    6166.00 ...
    	    9706.00   17312.00    7631.00   16070.00   20733.00   23186.00 ...
    	   24927.00   28057.00   38296.00   37475.00   37498.00   22645.00 ...
    	   35490.00   30418.00   39052.00   34120.00   23623.00   28199.00 ...
    	   39615.00   31160.00   20621.00   36685.00   37085.00;   1584.00 ...
    	    7340.00   11048.00   21096.00   10531.00   16420.00   19470.00 ...
    	   26854.00   21852.00   25701.00   37475.00   48378.00   44423.00 ...
    	   29796.00   41209.00   37366.00   48756.00   38650.00   36477.00 ...
    	   30728.00   45834.00   33333.00   33923.00   41919.00   44614.00;...
             216.00    1662.00    6108.00   12459.00    9531.00   16950.00 ...
           24394.00   23458.00   29152.00   29316.00   37498.00   44423.00 ...
           55831.00   26174.00   49255.00   41746.00   53645.00   42658.00 ...
           35354.00   44076.00   51209.00   37801.00   36707.00   47583.00 ...
           43866.00;   2280.00   10226.00   11336.00   20498.00    7546.00 ...
           16161.00   15932.00   20843.00   16666.00   18224.00   22645.00 ...
           29796.00   26174.00   35325.00   32874.00   30148.00   45280.00 ...
           30052.00   28689.00   25767.00   36393.00   33883.00   23376.00 ...
           36341.00   35446.00;   1272.00    5206.00    5905.00   13786.00 ...
           10026.00   19183.00   25066.00   25897.00   29056.00   29850.00 ...
           35490.00   41209.00   49255.00   32874.00   62484.00   44456.00 ...
           60044.00   47104.00   41701.00   54272.00   56115.00   43293.00 ...
           38686.00   52798.00   49701.00;   2232.00    8982.00    8508.00 ...
           18746.00   10270.00   17365.00   26917.00   25650.00   22945.00 ...
           23894.00   30418.00   37366.00   41746.00   30148.00   44456.00 ...
           58288.00   54317.00   37615.00   39499.00   48111.00   45018.00 ...
           40789.00   30352.00   41223.00   49648.00;   1704.00    8242.00 ...
           12367.00   22044.00    9520.00   21209.00   25194.00   26489.00 ...
           28192.00   30676.00   39052.00   48756.00   53645.00   45280.00 ... 
           60044.00   54317.00   91332.00   60250.00   61652.00   62702.00 ... 
           74628.00   70016.00   47950.00   73057.00   63467.00;   1320.00 ...   
            6642.00    8955.00   15994.00    7752.00   15755.00   18880.00 ... 
           21613.00   25369.00   24780.00   34120.00   38650.00   42658.00 ... 
           30052.00   47104.00   37615.00   60250.00   64364.00   49131.00 ... 
           52601.00   57965.00   50461.00   46861.00   61765.00   44727.00;...
             696.00    3398.00    7016.00   14834.00   10771.00   15655.00 ...
           13623.00   21762.00   17189.00   19993.00   23623.00   36477.00 ...  
           35354.00   28689.00   41701.00   39499.00   61652.00   49131.00 ...  
           62956.00   53740.00   55529.00   53555.00   46442.00   54090.00 ...  
           42735.00;     72.00     426.00    2889.00    7955.00    9178.00 ...  
           15854.00   22637.00   20311.00   27734.00   25719.00   28199.00 ...  
           30728.00   44076.00   25767.00   54272.00   48111.00   62702.00 ...  
           52601.00   53740.00   79838.00   64626.00   59686.00   43075.00 ...  
           60589.00   48551.00;   1032.00    5082.00    8583.00   16221.00 ...   
            8758.00   17388.00   23089.00   23993.00   27809.00   29566.00 ...  
           39615.00   45834.00   51209.00   36393.00   56115.00   45018.00 ...  
           74628.00   57965.00   55529.00   64626.00   83266.00   74131.00 ...  
           51167.00   72850.00   61726.00;   1968.00    8956.00   10078.00 ...  
           17406.00    5820.00   19333.00   19661.00   20609.00   24931.00 ...  
           27121.00   31160.00   33333.00   37801.00   33883.00   43293.00 ...  
           40789.00   70016.00   50461.00   53555.00   59686.00   74131.00 ...  
           92026.00   39524.00   70930.00   57250.00;    504.00    2326.00 ...   
            2935.00    7450.00    6676.00    8418.00   14464.00   13391.00 ...  
           15041.00   13408.00   20621.00   33923.00   36707.00   23376.00 ...  
           38686.00   30352.00   47950.00   46861.00   46442.00   43075.00 ...  
           51167.00   39524.00   58879.00   59668.00   40495.00;   1056.00 ...  
            5608.00    9457.00   16845.00    8704.00   20160.00   25909.00 ...  
           23012.00   30328.00   30039.00   36685.00   41919.00   47583.00 ...  
           36341.00   52798.00   41223.00   73057.00   61765.00   54090.00 ...  
           60589.00   72850.00   70930.00   59668.00  100359.00   68938.00;...
            2232.00    9654.00   11352.00   22494.00   10476.00   18948.00 ...  
           28171.00   28072.00   24550.00   27044.00   37085.00   44614.00 ...  
           43866.00   35446.00   49701.00   49648.00   63467.00   44727.00 ...  
           42735.00   48551.00   61726.00   57250.00   40495.00   68938.00 ...  
           78402.00 ];

        d=[-180927.035520000       -821092.607840000       -1125170.39438000 ...
           -2214936.75185000       -1196849.13585000       -2177319.73753000 ...
           -2762906.51637000       -2979267.99080000       -2868216.87464000 ...
           -3083916.29315000       -3922558.24226000       -4693073.83941000 ...
           -4916917.43070000       -3709335.07238000       -5393374.15245000 ...      
           -4934088.94732000       -6686713.13771000       -5346666.36725000 ...      
           -5089230.23305000       -5520517.53951000       -6374885.15708000 ...      
           -5698147.14326000       -4518985.38665000       -6491714.51747000 ...    
           -5923998.27934000    ];
   
        a=scale*a;
        b=b*scale;
        c=c*scale;
        d=d*scale;
        
        if size(x,1)>1
            x=x';
        end
%         x1=[x y];
        x1=x;
        g=a*x1' + b';
        g=g';
        f=0.5*x1*c*x1'+d*x1';

        f = f/1.0d+6;
        return
      end
%
%   mitp11
%
      if (iprob==11) 
         w(4)=x(1) - 3.0;
         w(5)=x(2) - 3.0;
         w(6)=x(3) - 5.0;
         w(7)=x(4) - 10.0;
         w(1)=y(1) - 3.0;
         w(2)=y(2) + 2.0;
         w(3)=y(3) - 3.0;
         g(1) = -w(4) + w(1) - w(3) + w(6);
         g(2) = -w(5) + w(2) + w(3) + w(7);
         f = w(2)^2*w(3)^2 + abs(w(1)^3) + 8.0*w(1)^2 ...
            + 8.0*w(2)^2 ...
            + 8.0*w(3)^2 + abs(w(1)) + abs(w(2)) + abs(w(3)) ...
            + 12.0*abs(w(1)*w(2)) + 12.0*abs(w(1)*w(3)) ...
            + 12.0*abs(w(2)*w(3)) ...
            + exp(0.01*(w(4)-w(1))^2) + (1.25*w(5)-w(3))^4 ...
            + 100.0*w(6)^2 + 100.0*w(7)^2;
      return
      end
%
%   mitp12
%
      if (iprob==12) 
         g(1) = -x(1) + y(1) - 0.1*y(3) + 0.1*x(3);
         g(2) = -x(2) + y(2) + y(3) + x(4);
         g(3) = -(x(1) - y(1)) + 10.0;
         g(4) = (x(1) - y(1)) + 10.0;
         a1 = 10.0;
         f = 100.0*(y(1)*(2.0*y(1) + y(2)) + y(2)*(y(1) ...
            + 2.0*y(2))+ y(3)^2) ...
            + a1*(abs(y(1)) + abs(y(2)) + abs(y(3)) ...
            + 12.0*abs(y(1)*y(2)) + 12.0*abs(y(1)*y(3)) ...
            - 12.0*abs(y(2)*y(3))) ...
            - exp(0.01*(x(1)-y(1))^2) + (1.25*x(2)-y(3))^4 ...
            + 100.0*x(3)^2 + 100.0*x(4)^2;
%         f = f*1.0d+5
      return
      end
%
%   mitp13
%
      if (iprob==13) 
         g(1) = -x(1) + y(1) - 0.1*y(3) + 0.1*x(3);
         g(2) = -x(2) + y(2) + y(3) + x(4);
         g(3) = -(x(1) - y(1)) + 10.0;
         g(4) = (x(1) - y(1)) + 10.0;
         a1 = 100.0;
         f = 100.0*(y(1)*(2.0*y(1) + y(2)) + y(2)*(y(1) ...
            + 2.0*y(2))+ y(3)^2) ...
            + a1*(abs(y(1)) + abs(y(2)) + abs(y(3)) ...
            + 12.0*abs(y(1)*y(2)) + 12.0*abs(y(1)*y(3)) ...
            - 12.0*abs(y(2)*y(3))) ...
            - exp(0.01*(x(1)-y(1))^2) + (1.25*x(2)-y(3))^4 ...
            + 100.0*x(3)^2 + 100.0*x(4)^2;
         f = f*1.0d-5;
      return
      end
%
%   mitp14
%
      if (iprob==14) 
         w(1) = y(1)*0.25;
         w(2) = y(2)*0.25;
         g(1) = -w(1)^2 + 6.0*w(1) - w(2) + 11.0;
         g(2) = w(1)*w(2) - 3.0*w(2)^2 - exp(w(1)-3.0) + 51.5;
%         g(2) = w(1)*w(2) - 3.0*w(2)^2 - exp(w(1)-3.0) + 51.4
         f =  2.0*w(1)^2 + w(2)^2 - 16.0*w(1) - 10.0*w(2);
      return
      end
%
%   mitp15
%
      if (iprob==15) 
         f =  (1.0/6.931 - y(2)*y(3)/(y(1)*y(4)))^2 + 1.0;
%         f = f*1.d+10
      return
      end
%
%   mitp16
%
      if (iprob==16) 
%
         w(1) = y(1);
         w(2) = y(2);
%
         d(1) = 85.334407;
         d(2) = 0.0056858;
         d(3) = 0.0006262;
         d(4) = 0.0022053;
         d(5) = 80.51249;
         d(6) = 0.0071317;
         d(7) = 0.0029955;
         d(8) = 0.0021813;
         d(9) = 9.300961;
         d(10) = 0.0047026;
         d(11) = 0.0012547;
         d(12) = 0.0019085;
         g(1) = d(1) + d(2)*x(2)*x(1) + d(3)*w(2)*w(1) ...
               - d(4)*x(3)*x(1);
         g(2) = d(5) + d(6)*x(2)*x(1) + d(7)*w(2)*x(2) ...
               + d(8)*x(3)^2 - 90.0;
         g(3) = d(9) + d(10)*x(3)*x(1) + d(11)*w(2)*x(3) ...
               + d(12)*x(3)*w(1) - 20.0;
         g(4) = -g(1) + 92.0;
         g(5) = -g(2) + 20.0;
         g(6) = -g(3) + 5.0;
         f = 5.3578547*x(3)^2 + 0.8356891*w(2)*x(1) + 37.293239*w(2) ...
            - 40792.141;
%         f = f*0.00001
      return
      end
%
%   mitp17
%
      if (iprob==17) 
         g(1) = 5.0*y(1)-(x(1)-7.0)^2; 
         g(2) = 1.8*y(1)-x(1);
         f = ((x(1)-3.0)^2-10.0*x(1))/(3*x(1)+y(1)+1.0);
      return
      end
%
%   mitp18
%
      if (iprob==18) 
	     g(1) = 420.169404664517*sqrt(900. + y(1)^2) - x(1)*y(1)*y(2);
         g(2) = - x(1) + 100.;
         g(3) = 296087.631843*(0.01 + 0.0625*(y(2)^2))/(7200. + y(1)^2) ...
            - x(1);
         f = 0.04712385*y(2)*sqrt(900. + y(1)^2);
      return
      end
%
%   mitp19
%
      if (iprob==19) 
        for i=1:5
            w(i)=y(i);        
%        w(i)=x(i+3)
        end
    	g(1) = - (0.0056858*w(2)*w(5) + 0.0006262*w(1)*w(4) ...
            - 0.0022053*w(3)*w(5)) + x(1) - 85.334407;
        g(2) = - (0.0071317*w(2)*w(5) + 0.0029955*w(1)*w(2) ... 
            + 0.0021813*w(3)^2) + x(2) - 80.51249;
        g(3) = - (0.0047026*w(3)*w(5) + 0.0012547*w(1)*w(3) ...
            + 0.0019085*w(3)*w(4)) + x(3) - 9.300961;
        f =  9.99999999999999e-5*(5.3578547*w(3)^2 + 0.8356891*w(1)*w(5) ...
            + 37.293239*w(1)) + 5.9207859;
      return
      end
%
%   mitp20
%
      if (iprob==20) 
	    g(1) = - 0.1*y(1)^2 + y(2);
        g(2) = - 0.333333333333333*y(1) - y(2) + 4.5;
        f = ((y(1) - 8.)^2 + (y(2) - 2.)^2);
      return
      end      
%
%   mitp21
%
      if (iprob==21) 
        f = (100.0*(0.5 + y(2) - (0.6 + y(1))^2)^2) + (0.4 - y(1))^2 ;
%        f = (100.0*(0.5 + x(2) - (0.6 + x(1))^2)^2) + (0.4 - x(1))^2 ;
      return
      end
%
%   mitp22
%
      if (iprob==22)                   
         scale=1.0d-4;
         g(1) = (-4243.28147100424/(x(1)*x(2)) + x(3))*scale;
         g(2) = -sqrt(0.25*(x(2))^2 + (0.5*y(1) + 0.5*x(1))^2) + x(5);
         g(3) = (-0.707213578500707*(84000.0 + 3000.0*x(2))*x(5)/ ...
                      (x(1)*x(2)*(0.0833333333333333*x(2)^2 ... 
                     + (0.5*y(1) + 0.5*x(1))^2)) + x(4))*scale;
         g(4) = -0.5*x(2)/x(5) + x(6);
         g(5) = (-sqrt((x(3))^2 + 2.0*x(3)*x(4)*x(6) + (x(4))^2) ...
                    + 13600.0)*scale;
         g(6) = (-504000.0/(y(2)*(y(1))^2) + 30000.0)*scale;
         g(7) = y(2) - x(1); 
         g(8) = (0.0204744897959184*sqrt(1.0d15*y(1)^2*y(2)^6) ...
               *(1.0 - 0.0282346219657891*y(1)) - 6000.0)*scale;
         g(9) = - 0.21952/(y(2)*y(1)^3) + 0.25;
         f = 1.10471*(x(1))^2*x(2) + 0.04811*y(1)*y(2)*(14.0 + x(2));
      return
      end
%
%   mitp23
%
      if (iprob==23) 
        f = 0.1*(y(1)^2 + (1 + y(2)^2)/y(1)^2 + (100 + y(1)^2*y(2)^2) ...
            /(y(1)*y(2))^4) + 1.2;
      return
      end
%
%   mitp24
%
      if (iprob==24) 
            g(1) =  y(2)*y(3)^2 + 5.0*y(3) + 3.0*y(1) - 10.0;
            g(2) =  y(1) - y(3) - 2.66;
            f = 2.0*y(2)^2 + y(1) + 5.0*y(3);
      return
      end
%
%   mitp25
%
      if (iprob==25) 
        g(1) =  sqrt(x(1)) + y(1) + 2.0*y(2) - 10.0;
        g(2) =  0.240038406144983*y(1)^2 - y(2) ...
               + 0.255036980362153*x(1) + 3.0;
	    g(3) =  y(2)^2 - 1./(x(1)^3*sqrt(x(1))) - 4.*y(1) + 12.0;
        f = (y(1) - 3.)^2 + (y(2) - 2.)^2 + (4 + x(1))^2;
      return
      end
%
%   mitp26
%
      if (iprob==26) 
        for i=1:10
            w(i) = y(i);
            if (y(i)<=2.0) 
                w(i) = 2.1;
            end
            if (y(i)>=10.0) 
                w(i) = 9.9;
            end
        end
         f =  (log(w(1) - 2.))^2 + (log(10. - w(1)))^2 ...
            + (log(w(2) - 2.))^2 + (log(10. - w(2)))^2 ...
            + (log(w(3) - 2.))^2 + (log(10. - w(3)))^2 ...
            + (log(w(4) - 2.))^2 + (log(10. - w(4)))^2 ...
            + (log(w(5) - 2.))^2 + (log(10. - w(5)))^2 ...
            + (log(w(6) - 2.))^2 + (log(10. - w(6)))^2 ...
            + (log(w(7) - 2.))^2 + (log(10. - w(7)))^2 ...
            + (log(w(8) - 2.))^2 + (log(10. - w(8)))^2 ...
            + (log(w(9) - 2.))^2 + (log(10. - w(9)))^2 ...
            + (log(w(10)- 2.))^2 + (log(10. - w(10)))^2 ...
            - (w(1)*w(2)*w(3)*w(4)*w(5) ...
               *w(6)*w(7)*w(8)*w(9)*w(10))^0.2;
      return
      end
%
%   mitp27
%
      if (iprob==27) 
	    g(1) = (-9.0*y(1)^2) - 10.0*y(1)*y(2) - 8.0*y(2)^2 + 583.0;
        g(2) = (-6.0*y(1)^2) - 8.0*y(1)*y(2) - 6.0*y(2)^2 + 441.0;
        f = 7.0*y(1)^2 + 6.0*y(2)^2 - 35.0*y(1) - 80.4*y(2);
      return
      end
%
%   mitp28
%
      if (iprob==28) 
	    g(1) = (-9.0*y(1)^2) - 10.0*y(1)*y(2) - 8.0*y(2)^2 ...
              - 5.0*y(3)^2 - 6.0*y(3)*y(1) - 10.0*y(3)*y(2) + 1000.0;
        g(2) = (-6.0*y(1)^2) - 8.0*y(1)*y(2) - 6.0*y(2)^2 - 4.0*y(3)^2 ...
              - 2.0*y(3)*y(1) - 2.0*y(3)*y(2) + 550.0;
        g(3) = (-9.0*y(1)^2) - 6.0*y(2)^2 - 8.0*y(3)^2 ...
              + 2.0*y(2)*y(1) + 2.0*y(3)*y(2) + 340.0;
        f = (7.0*y(1)^2 + 6.0*y(2)^2 - 15.8*y(1) - 93.2*y(2) ...
            + 8.0*y(3)^2 - 6.0*y(3)*y(1) + 4.0*y(3)*y(2) - 63.0*y(3));
      return
      end
%
%   mitp29
%
      if (iprob==29) 
	    g(1) = (-9.0*y(1)^2) - 10.0*y(1)*y(2) - 8.0*y(2)^2 ...
              - 5.0*y(3)^2 - 6.0*y(3)*y(1) - 10.0*y(3)*y(2) ...
              - 7.0*y(4)^2 - 10.0*y(4)*y(1) - 6.0*y(4)*y(2) ...
              - 2.0*y(4)*y(3) + 1100.0;
        g(2) = (-6.0*y(1)^2) - 8.0*y(1)*y(2) - 6.0*y(2)^2 - 4.0*y(3)^2 ...
              - 2.0*y(3)*y(1) - 2.0*y(3)*y(2) - 8.0*y(4)^2 ...
              + 2.0*y(4)*y(1) + 10.0*y(4)*y(2) + 440.0;
        g(3) = (-9.0*y(1)^2) - 6.0*y(2)^2 - 8.0*y(3)^2 ...
              + 2.0*y(2)*y(1) + 2.0*y(3)*y(2) - 6.0*y(4)^2 ...
              + 4.0*y(4)*y(1) + 4.0*y(4)*y(2) - 2.0*y(4)*y(3) + 310.0;
        g(4) = (-8.0*y(1)^2) - 4.0*y(2)^2 - 9.0*y(3)^2 - 7.0*y(4)^2 ...
              - 2.0*y(2)*y(1) - 2.0*y(3)*y(1) - 4.0*y(3)*y(2) ...
              + 6.0*y(4)*y(1) + 2.0*y(4)*y(2) - 2.0*y(4)*y(3) + 460.0;
        f = 7.0*y(1)^2 + 6.0*y(2)^2 - 20.0*y(1) - 93.2*y(2) ...
           + 8.0*y(3)^2 - 6.0*y(3)*y(1) + 4.0*y(3)*y(2) - 67.2*y(3) ...
           + 6.0*y(4)^2 + 2.0*y(4)*y(1) + 2.0*y(4)*y(3) - 36.6*y(4);
      return
      end
%
%   mitp30
%
      if (iprob==30) 
	    g(1) = (-9.0*y(1)^2) - 10.0*y(1)*y(2) - 8.0*y(2)^2 ...
              - 5.0*y(3)^2 - 6.0*y(3)*y(1) - 10.0*y(3)*y(2) ...
              - 7.0*y(4)^2 - 10.0*y(4)*y(1) - 6.0*y(4)*y(2) ...
              - 2.0*y(4)*y(3) - 2.0*y(5)*y(2) - 7.0*y(5)^2 + 1430.0;
        g(2) = (-6.0*y(1)^2) - 8.0*y(1)*y(2) - 6.0*y(2)^2 - 4.0*y(3)^2 ...
              - 2.0*y(3)*y(1) - 2.0*y(3)*y(2) - 8.0*y(4)^2 ...
              + 2.0*y(4)*y(1) + 10.0*y(4)*y(2) - 2.0*y(5)*y(1) ... 
              - 6.0*y(5)*y(2) + 6.0*y(5)*y(4) + 7.0*y(5)^2 + 1150.0;
        g(3) = (-9.0*y(1)^2) - 6.0*y(2)^2 - 8.0*y(3)^2 ...
              + 2.0*y(2)*y(1) + 2.0*y(3)*y(2) - 6.0*y(4)^2 ...
              + 4.0*y(4)*y(1) + 4.0*y(4)*y(2) - 2.0*y(4)*y(3) ...
              - 6.0*y(5)*y(1) - 2.0*y(5)*y(2) + 4.0*y(5)*y(4) ...
              + 6.0*y(5)^2 + 850.0; 
        g(4) = (-8.0*y(1)^2) - 4.0*y(2)^2 - 9.0*y(3)^2 - 7.0*y(4)^2 ...
              - 2.0*y(2)*y(1) - 2.0*y(3)*y(1) - 4.0*y(3)*y(2) ...
              + 6.0*y(4)*y(1) + 2.0*y(4)*y(2) - 2.0*y(4)*y(3) ...
              - 6.0*y(5)*y(1) - 4.0*y(5)*y(2) - 2.0*y(5)*y(3) ...
              + 6.0*y(5)*y(4) + 6.0*y(5)^2 + 1125.0;
        g(5) = 2.0*y(2)*y(1) - 4.0*y(1)^2 - 5.0*y(2)^2 - 6.0*y(3)*y(1) ...
              - 8.0*y(3)^2 - 2.0*y(4)*y(1) + 6.0*y(4)*y(2) ...
              - 2.0*y(4)*y(3) - 6.0*y(4)^2 - 4.0*y(5)*y(1) ...
              + 2.0*y(5)*y(2) - 6.0*y(5)*y(3) - 8.0*y(5)*y(4) ...
              - 7.0*y(5)^2 + 1030.0;
        f = 7.0*y(1)^2 + 6.0*y(2)^2 + 12.0*y(1) - 77.2*y(2) ...
           + 8.0*y(3)^2 - 6.0*y(3)*y(1) + 4.0*y(3)*y(2) - 19.2*y(3) ...
           + 6.0*y(4)^2 + 2.0*y(4)*y(1) + 2.0*y(4)*y(3) - 36.6*y(4) ...
           + 7.0*y(5)^2 - 4.0*y(5)*y(1) - 2.0*y(5)*y(2) ...
           - 6.0*y(5)*y(3) - 69.4*y(5); 
      return
      end          
%
%   mitp31
%
      if (iprob==31) 
        g(1) = (- (0.0056858*y(2)*y(5) + 0.0006262*y(1)*y(4) ...
           - 0.0022053*y(3)*y(5)) + x(1) - 85.334407)*0.1;
        g(2) = (- (0.0071317*y(2)*y(5) + 0.0029955*y(1)*y(2) ...
           + 0.0021813*y(3)^2) + x(2) - 80.51249)*0.1;
        g(3) = (- (0.0047026*y(3)*y(5) + 0.0012547*y(1)*y(3) ...
           + 0.0019085*y(3)*y(4)) + x(3) - 9.300961)*0.1;
        f = 5.3578547*y(3)^2 + 0.8356891*y(1)*y(5) + 37.293239*y(1) ...
                   -40792.141 ;
      return
      end
%
%   mitp32
%
      if (iprob==32) 
        g(1) =  - y(1) - y(2) - 2.0*y(3) + 3.0;
        f = 2.0*y(1)^2 - 8.0*y(1) + 2.0*y(2)^2 - 6.0*y(2) + y(3)^2  ...
          - 4.0*y(3) + 2.0*y(1)*y(2) + 2.0*y(1)*y(3) + 9.0;
      return
      end
%
%   mitp33
%
      if (iprob==33) 
        f =   (1.5 - y(1)*(1.0 - y(2)))^2 ... 
        + (2.25 - y(1)*(1.0 - y(2)^2))^2 + (2.625 - y(1) ...
        *(1.0 - y(2)^3))^2; 
      return
      end
%
%   mitp34
%
      if (iprob==34) 
         i1 = y(1);
         i2 = y(2);
         i3 = y(3);
         i4 = y(4);
         i5 = y(5);
         i6 = y(6);
         i7 = y(7);
         g(1) = (-9.0*y(1)^2) - 10.0*y(1)*y(2) - 8.0*y(2)^2 ... 
               - 5.0*y(3)^2 - 6.0*y(3)*y(1) - 10.0*y(3)*y(2) ...
               - 7.0*y(4)^2 - 10.0*y(4)*y(1) ... 
               - 6.0*y(4)*y(2) - 2.0*y(4)*y(3) - 2.0*y(5)*y(2) ...
               - 7.0*y(5)^2 - 6.0*y(6)*y(1) - 2.0*y(6)*y(2) ...
               - 2.0*y(6)*y(4) - 5.0*y(6)^2 ... 
               + 6.0*i7*i1 + 2.0*i7*i2 + 4.0*i7*i3 + 2.0*i7*i4 ...
               - 4.0*i7*i5 + 4.0*i7*i6 - 8.0*i7^2 + 1930.0;
         g(2) = -(6.0*i1^2) - 6.0*i1*i2 - 6.0*i2^2 - 4.0*i3^2 ... 
               - 2.0*i3*i1 - 2.0*i3*i2 - 8.0*i4^2 + 2.0*i4*i1 ... 
               + 10.0*i4*i2 - 2.0*i5*i1 - 6.0*i5*i2 + 6.0*i5*i4 ...
               + 7.0*i5^2 - 2.0*i6*i2 + 8.0*i6*i3 + 2.0*i6*i4  ...
               - 4.0*i6*i5 - 8.0*i6^2 - 6.0*i7*i1 - 10.0*i7*i2 ...
               - 2.0*i7*i3 + 10.0*i7*i4 - 10.0*i7*i5 - 8.0*i7^2 ... 
               + 2940.0;
         g(3) = (-9.0*i1^2) - 6.0*i2^2 - 8.0*i3^2 + 2.0*i2*i1 ... 
               + 2.0*i3*i2 - 6.0*i4^2 + 4.0*i4*i1 + 4.0*i4*i2 ... 
               - 2.0*i4*i3 - 6.0*i5*i1 - 2.0*i5*i2 + 4.0*i5*i4 ....
               + 6.0*i5^2 + 2.0*i6*i1 + 4.0*i6*i2 - 6.0*i6*i4 ...
               - 2.0*i6*i5 - 5.0*i6^2 + 2.0*i7*i2 - 4.0*i7*i3 ... 
               - 6.0*i7*i5 - 4.0*i7*i6 - 7.0*i7^2 + 1840.0;
         g(4) = (-8.0*i1^2) - 4.0*i2^2 - 9.0*i3^2 ...
               - 7.0*i4^2 - 2.0*i2*i1 - 2.0*i3*i1 - 4.0*i3*i2 ... 
               + 6.0*i4*i1 + 2.0*i4*i2 - 2.0*i4*i3 - 6.0*i5*i1 ...
               - 4.0*i5*i2 - 2.0*i5*i3 + 6.0*i5*i4 + 6.0*i5^2 ...
               - 10.0*i6*i1 - 10.0*i6*i3 + 4.0*i6*i4 - 2.0*i6*i5 ...
               - 7.0*i6^2 + 6.0*i7*i1 - 2.0*i7*i2 - 2.0*i7*i3 ... 
               + 6.0*i7*i5 + 2.0*i7*i6 - 6.0*i7^2 + 1650.0;
         g(5) = 2.0*i2*i1 - 4.0*i1^2 - 5.0*i2^2 - 6.0*i3*i1 ...
               - 8.0*i3^2 - 2.0*i4*i1 + 6.0*i4*i2 - 2.0*i4*i3 ...
               - 6.0*i4^2 - 4.0*i5*i1 + 2.0*i5*i2 - 6.0*i5*i3 ... 
               - 8.0*i5*i4 - 7.0*i5^2 + 4.0*i6*i1 - 4.0*i6*i2 ...
               + 6.0*i6*i3 + 4.0*i6*i5 - 7.0*i6^2 + 4.0*i7*i1 ... 
               - 4.0*i7*i2 - 4.0*i7*i3 + 4.0*i7*i4 + 4.0*i7*i5 ... 
               + 4.0*i7*i6 - 8.0*i7^2 + 1220.0;
         g(6) = 2.0*i2*i1 - 7.0*i1^2 - 7.0*i2^2 - 6.0*i3*i1 ... 
               - 2.0*i3*i2 - 6.0*i3^2 - 2.0*i4*i1 + 2.0*i4*i2 ... 
               - 2.0*i4*i3 - 5.0*i4^2 - 2.0*i5*i1 - 4.0*i5*i3 ...
               + 2.0*i5*i4 - 5.0*i5^2 + 2.0*i6*i1 - 4.0*i6*i2 ...
               + 4.0*i6*i3 + 2.0*i6*i4 + 6.0*i6*i5 - 9.0*i6^2 ... 
               + 4.0*i7*i2 - 4.0*i7*i3 + 4.0*i7*i4 - 4.0*i7*i5 ... 
               + 8.0*i7*i6 - 6.0*i7^2 + 1020.0;
         g(7) = (-9.0*i1^2) - 4.0*i2*i1 - 8.0*i2^2 + 4.0*i3*i1 ... 
               + 2.0*i3*i2 - 7.0*i3^2 + 4.0*i4*i1 + 4.0*i4*i3  ...
               - 7.0*i4^2 - 2.0*i5*i1 - 12.0*i5*i2 - 4.0*i5*i3 ...
               - 8.0*i5^2 - 8.0*i6*i1 + 2.0*i6*i2 - 2.0*i6*i5 ...
               - 6.0*i6^2 - 4.0*i7*i1 - 6.0*i7*i2 - 2.0*i7*i3 ...
               + 10.0*i7*i4 - 2.0*i7*i5 + 2.0*i7*i6 - 7.0*i2^2 ...
               + 2740.0;
         f =  7.0*i1^2 + 6.0*i2^2 + 14.2*i1 - 11.6*i2 ... 
               + 8.0*i3^2 - 6.0*i3*i1 + 4.0*i3*i2 + 18.4*i3 ...
               + 6.0*i4^2 + 2.0*i4*i1 + 2.0*i4*i3 - 24.8*i4 ...
               + 7.0*i5^2 - 4.0*i5*i1 - 2.0*i5*i2 - 6.0*i5*i3 ...
               - 132.8*i5 + 4.0*i6^2 + 2.0*i6*i1 - 4.0*i6*i2 ...
               - 4.0*i6*i3 - 2.0*i6*i4 + 6.0*i6*i5 - 84.4*i6 ... 
               + 6.0*i7^2 - 2.0*i7*i1 - 6.0*i7*i2 - 2.0*i7*i3 ...
               + 4.0*i7*i5 + 4.0*i7*i6 - 88.0*i7;
      return
      end
%
%   mitp35
%
      if (iprob==35) 
         i1 = y(1);
         i2 = y(2);
         i3 = y(3);
         i4 = y(4);
         i5 = y(5);
         i6 = y(6);
         g(1) = (-9.0*i1^2) - 10.0*i1*i2 - 8.0*i2^2 ... 
               - 5.0*i3^2 - 6.0*i3*i1 - 10.0*i3*i2 - 7.0*i4^2 ...
               - 10.0*i4*i1 - 6.0*i4*i2 - 2.0*i4*i3 - 2.0*i5*i2 ...
               - 7.0*i5^2 - 6.0*i6*i1 - 2.0*i6*i2 - 2.0*i6*i4 ...
               - 5.0*i6^2 + 1800.0;
         g(2) = (-6.0*i1^2) - 8.0*i1*i2 - 6.0*i2^2 - 4.0*i3^2 ... 
               - 2.0*i3*i1 - 2.0*i3*i2 - 8.0*i4^2 + 2.0*i4*i1 ... 
               + 10.0*i4*i2 - 2.0*i5*i1 - 6.0*i5*i2 + 6.0*i5*i4 ...
               + 7.0*i5^2 - 2.0*i6*i2 + 8.0*i6*i3 + 2.0*i6*i4 ...
               - 4.0*i6*i5 - 8.0*i6^2 + 1520.0;
         g(3) = (-9.0*i1^2) - 6.0*i2^2 - 8.0*i3^2 ...
               + 2.0*i2*i1 + 2.0*i3*i2 - 6.0*i4^2 + 4.0*i4*i1 ... 
               + 4.0*i4*i2 - 2.0*i4*i3 - 6.0*i5*i1 - 2.0*i5*i2 ...
               + 4.0*i5*i4 + 6.0*i5^2 + 2.0*i6*i1 + 4.0*i6*i2 ...
               - 6.0*i6*i4 - 2.0*i6*i5 - 5.0*i6^2 + 1000.0;
         g(4) = (-8.0*i1^2) - 4.0*i2^2 - 9.0*i3^2 ...
               - 7.0*i4^2 - 2.0*i2*i1 - 2.0*i3*i1 - 4.0*i3*i2 ...
               + 6.0*i4*i1 + 2.0*i4*i2 - 2.0*i4*i3 - 6.0*i5*i1 ...
               - 4.0*i5*i2 - 2.0*i5*i3 + 6.0*i5*i4 + 6.0*i5^2 ... 
               - 10.0*i6*i1 - 10.0*i6*i3 + 4.0*i6*i4 - 2.0*i6*i5 ...
               - 7.0*i6^2 + 1745.0;
         g(5) = 2.0*i2*i1 - 4.0*i1^2 - 5.0*i2^2 - 6.0*i3*i1 ...
               - 8.0*i3^2 - 2.0*i4*i1 + 6.0*i4*i2 - 2.0*i4*i3 ...
               - 6.0*i4^2 - 4.0*i5*i1 + 2.0*i5*i2 - 6.0*i5*i3 ...
               - 8.0*i5*i4 - 7.0*i5^2 + 4.0*i6*i1 - 4.0*i6*i2 ... 
               + 6.0*i6*i3 + 4.0*i6*i5 - 7.0*i6^2 + 1070.0;
         g(6) = 2.0*i2*i1 - 7.0*i1^2 - 7.0*i2^2 - 6.0*i3*i1 ... 
               - 2.0*i3*i2 - 6.0*i3^2 - 2.0*i4*i1 + 2.0*i4*i2 ...
               - 2.0*i4*i3 - 5.0*i4^2 - 2.0*i5*i1 - 4.0*i5*i3 ... 
               + 2.0*i5*i4 - 5.0*i5^2 + 2.0*i6*i1 - 4.0*i6*i2 ...
               + 4.0*i6*i3 + 2.0*i6*i4 + 6.0*i6*i5 - 9.0*i6^2 ...
               + 990.0;
        f = 7.0*i1^2 + 6.0*i2^2 + 0.2*i1 - 53.6*i2 ...
               + 8.0*i3^2 - 6.0*i3*i1 + 4.0*i3*i2 + 4.4*i3 ... 
               + 6.0*i4^2 + 2.0*i4*i1 + 2.0*i4*i3 - 24.8*i4 ...
               + 7.0*i5^2 - 4.0*i5*i1 - 2.0*i5*i2 - 6.0*i5*i3 ... 
               - 104.8*i5 + 4.0*i6^2 + 2.0*i6*i1 - 4.0*i6*i2 ...
               - 4.0*i6*i3 - 2.0*i6*i4 + 6.0*i6*i5 - 56.4*i6;
      return
      end
%
%   mitp36
%
      if (iprob==36) 
         i1 = y(1);
         i2 = y(2);
         i3 = y(3);
         i4 = y(4);
         i5 = y(5);
         i6 = y(6);
         i7 = y(7);
         i8 = y(8);
         g(1) = (-9*i1^2) - 10.0*i1*i2 - 8.0*i2^2 ... 
               - 5.0*i3^2 - 6.0*i3*i1 - 10.0*i3*i2 - 7.0*i4^2 ... 
               - 10.0*i4*i1 - 6.0*i4*i2 - 2.0*i4*i3 - 2.0*i5*i2 ...
               - 7.0*i5^2 - 6.0*i6*i1 - 2.0*i6*i2 - 2.0*i6*i4 ...
               - 5.0*i6^2 + 6.0*i7*i1 + 2.0*i7*i2 + 4.0*i7*i3 ...
               + 2.0*i7*i4 - 4.0*i7*i5 + 4.0*i7*i6 - 8.0*i7^2 ... 
               - 2.0*i8*i1 - 8.0*i8*i2 - 2.0*i8*i3 + 6.0*i8*i5 ...
               - 2.0*i8*i7 - 6.0*i8^2 + 1980.0;
         g(2) = (-6*i1^2) - 8.0*i1*i2 - 6.0*i2^2 - 4.0*i3^2 ... 
               - 2.0*i3*i1 - 2.0*i3*i2 - 8.0*i4^2 + 2.0*i4*i1 ... 
               + 10.0*i4*i2 - 2.0*i5*i1 - 6.0*i5*i2 + 6.0*i5*i4 ...
               + 7.0*i5^2 - 2.0*i6*i2 + 8.0*i6*i3 + 2.0*i6*i4 ...
               - 4.0*i6*i5 - 8.0*i6^2 - 6.0*i7*i1 - 10.0*i7*i2 ...
               - 2.0*i7*i3 + 10.0*i7*i4 - 10.0*i7*i5 - 8.0*i7^2 ... 
               - 2.0*i8*i1 - 4.0*i8*i2 - 2.0*i8*i3 - 8.0*i8*i5 ... 
               - 8.0*i8*i7 - 5.0*i8^2 + 3180.0;
         g(3) = (-9*i1^2) - 6.0*i2^2 - 8.0*i3^2 ... 
               + 2.0*i2*i1 + 2.0*i3*i2 - 6.0*i4^2 + 4.0*i4*i1 ... 
               + 4.0*i4*i2 - 2.0*i4*i3 - 6.0*i5*i1 - 2.0*i5*i2 ...
               + 4.0*i5*i4 + 6.0*i5^2 + 2.0*i6*i1 + 4.0*i6*i2 ...
               - 6.0*i6*i4 - 2.0*i6*i5 - 5.0*i6^2 + 2.0*i7*i2 ... 
               - 4.0*i7*i3 - 6.0*i7*i5 - 4.0*i7*i6 - 7.0*i7^2 ... 
               - 2.0*i8*i1 + 4.0*i8*i3 + 2.0*i8*i4 - 4.0*i8^2 ...
               + 1830.0;
         g(4) = (-8*i1^2) - 4.0*i2^2 - 9.0*i3^2 ... 
              - 7.0*i4^2 - 2.0*i2*i1 - 2.0*i3*i1 - 4.0*i3*i2 ... 
              + 6.0*i4*i1 + 2.0*i4*i2 - 2.0*i4*i3 - 6.0*i5*i1 ... 
              - 4.0*i5*i2 - 2.0*i5*i3 + 6.0*i5*i4 + 6.0*i5^2 ... 
              - 10.0*i6*i1 - 10.0*i6*i3 + 4.0*i6*i4 - 2.0*i6*i5 ... 
              - 7.0*i6^2 + 6.0*i7*i1 - 2.0*i7*i2 - 2.0*i7*i3 ...
              + 6.0*i7*i5 + 2.0*i7*i6 - 6.0*i7^2 + 4.0*i8*i1 ...
              - 4.0*i8*i2 + 2.0*i8*i3 - 4.0*i8*i4 - 4.0*i8*i5 ...
              + 8.0*i8*i6 + 6.0*i8*i7 - 8.0*i8^2 + 1610.0;
         g(5) = 2.0*i2*i1 - 4.0*i1^2 - 5.0*i2^2 - 6.0*i3*i1 ...
              - 8.0*i3^2 - 2.0*i4*i1 + 6.0*i4*i2 - 2.0*i4*i3 ... 
              - 6.0*i4^2 - 4.0*i5*i1 + 2.0*i5*i2 - 6.0*i5*i3 ... 
              - 8.0*i5*i4 - 7.0*i5^2 + 4.0*i6*i1 - 4.0*i6*i2 ...
              + 6.0*i6*i3 + 4.0*i6*i5 - 7.0*i6^2 + 4.0*i7*i1 ...
              - 4.0*i7*i2 - 4.0*i7*i3 + 4.0*i7*i4 + 4.0*i7*i5 ...
              + 4.0*i7*i6 - 8.0*i7^2 - 2.0*i8*i1 + 4.0*i8*i4 ...
              + 2.0*i8*i6 + 2.0*i8*i7 - 4.0*i8^2 + 1180.0;
         g(6) = 2.0*i2*i1 - 7.0*i1^2 - 7.0*i2^2 - 6.0*i3*i1 ... 
